=== RUNNING LFSRs ===

R1 period: 7
R1 outputs: [1, 0, 0, 1, 1, 1, 0]
R1 states:
  0 : (0, 0, 1)
  1 : (1, 0, 0)
  2 : (1, 1, 0)
  3 : (1, 1, 1)
  4 : (0, 1, 1)
  5 : (1, 0, 1)
  6 : (0, 1, 0)

R2 period: 31
R2 outputs: [1, 0, 1, 0, 0, 0, 0, 1, 0, 0, 1, 0, 1, 1, 0, 0, 1, 1, 1, 1, 1, 0, 0, 0, 1, 1, 0, 1, 1, 1, 0]
R2 states:
  0 : (0, 0, 1, 0, 1)
  1 : (0, 0, 0, 1, 0)
  2 : (0, 0, 0, 0, 1)
  3 : (1, 0, 0, 0, 0)
  4 : (0, 1, 0, 0, 0)
  5 : (0, 0, 1, 0, 0)
  6 : (1, 0, 0, 1, 0)
  7 : (0, 1, 0, 0, 1)
  8 : (1, 0, 1, 0, 0)
  9 : (1, 1, 0, 1, 0)
  10 : (0, 1, 1, 0, 1)
  11 : (0, 0, 1, 1, 0)
  12 : (1, 0, 0, 1, 1)
  13 : (1, 1, 0, 0, 1)
  14 : (1, 1, 1, 0, 0)
  15 : (1, 1, 1, 1, 0)
  16 : (1, 1, 1, 1, 1)
  17 : (0, 1, 1, 1, 1)
  18 : (0, 0, 1, 1, 1)
  19 : (0, 0, 0, 1, 1)
  20 : (1, 0, 0, 0, 1)
  21 : (1, 1, 0, 0, 0)
  22 : (0, 1, 1, 0, 0)
  23 : (1, 0, 1, 1, 0)
  24 : (1, 1, 0, 1, 1)
  25 : (1, 1, 1, 0, 1)
  26 : (0, 1, 1, 1, 0)
  27 : (1, 0, 1, 1, 1)
  28 : (0, 1, 0, 1, 1)
  29 : (1, 0, 1, 0, 1)
  30 : (0, 1, 0, 1, 0)

=== RUNNING FSM (2 LFSRs) ===

FSM output length: 124
FSM output (all bits): [1, 0, 0, 0, 1, 1, 0, 1, 0, 1, 1, 1, 0, 1, 1, 0, 1, 1, 0, 1, 0, 1, 0, 0, 0, 0, 0, 1, 1, 0, 0, 0, 1, 1, 1, 0, 0, 0, 0, 0, 0, 0, 1, 1, 0, 1, 1, 1, 0, 1, 0, 1, 1, 0, 1, 0, 0, 0, 0, 1, 1, 0, 1, 1, 1, 0, 0, 1, 0, 1, 0, 1, 1, 0, 0, 1, 0, 1, 1, 0, 1, 1, 1, 0, 0, 0, 1, 1, 0, 1, 0, 0, 0, 0, 1, 0, 1, 1, 1, 1, 1, 0, 1, 1, 1, 0, 1, 0, 0, 0, 1, 0, 1, 1, 0, 0, 1, 1, 0, 0, 1, 1, 1, 1]
First 25 FSM bits: [1, 0, 0, 0, 1, 1, 0, 1, 0, 1, 1, 1, 0, 1, 1, 0, 1, 1, 0, 1, 0, 1, 0, 0, 0]

FSM keystream saved to FSM_ex1.txt
