=== RUNNING LFSRs ===

R1 period: 7
R1 outputs: [1, 0, 0, 1, 1, 1, 0]
R1 states:
  0 : (0, 0, 1)
  1 : (1, 0, 0)
  2 : (1, 1, 0)
  3 : (1, 1, 1)
  4 : (0, 1, 1)
  5 : (1, 0, 1)
  6 : (0, 1, 0)

R2 period: 3
R2 outputs: [1, 1, 0]
R2 states:
  0 : (1, 0, 1, 1)
  1 : (1, 1, 0, 1)
  2 : (0, 1, 1, 0)

R3 period: 31
R3 outputs: [1, 0, 0, 1, 0, 0, 1, 1, 1, 1, 1, 0, 1, 1, 1, 0, 0, 0, 1, 0, 1, 0, 1, 1, 0, 1, 0, 0, 0, 0, 1]
R3 states:
  0 : (0, 1, 0, 0, 1)
  1 : (0, 0, 1, 0, 0)
  2 : (1, 0, 0, 1, 0)
  3 : (1, 1, 0, 0, 1)
  4 : (1, 1, 1, 0, 0)
  5 : (1, 1, 1, 1, 0)
  6 : (1, 1, 1, 1, 1)
  7 : (0, 1, 1, 1, 1)
  8 : (1, 0, 1, 1, 1)
  9 : (1, 1, 0, 1, 1)
  10 : (1, 1, 1, 0, 1)
  11 : (0, 1, 1, 1, 0)
  12 : (0, 0, 1, 1, 1)
  13 : (0, 0, 0, 1, 1)
  14 : (1, 0, 0, 0, 1)
  15 : (0, 1, 0, 0, 0)
  16 : (1, 0, 1, 0, 0)
  17 : (0, 1, 0, 1, 0)
  18 : (1, 0, 1, 0, 1)
  19 : (1, 1, 0, 1, 0)
  20 : (0, 1, 1, 0, 1)
  21 : (1, 0, 1, 1, 0)
  22 : (0, 1, 0, 1, 1)
  23 : (0, 0, 1, 0, 1)
  24 : (0, 0, 0, 1, 0)
  25 : (0, 0, 0, 0, 1)
  26 : (1, 0, 0, 0, 0)
  27 : (1, 1, 0, 0, 0)
  28 : (0, 1, 1, 0, 0)
  29 : (0, 0, 1, 1, 0)
  30 : (1, 0, 0, 1, 1)

=== RUNNING FSM ===

FSM stats:
  steps : 651
  ones : 323
  zeros : 328

FSM output:
[1, 0, 1, 1, 0, 1, 1, 1, 0, 1, 0, 1, 1, 1, 0, 1, 1, 0, 0, 1, 1, 0, 0, 0, 0, 1, 0, 1, 1, 0, 0, 1, 0, 0, 0, 1, 0, 0, 1, 1, 0, 0, 1, 0, 1, 1, 0, 1, 0, 0, 1, 0, 1, 0, 0, 0, 1, 0, 1, 0, 0, 1, 0, 1, 1, 1, 1, 0, 1, 1, 1, 0, 0, 1, 0, 0, 1, 0, 0, 1, 0, 0, 1, 0, 1, 1, 0, 0, 1, 0, 0, 0, 0, 0, 1, 0, 0, 0, 1, 0, 1, 0, 0, 1, 1, 0, 0, 1, 1, 0, 1, 1, 1, 1, 0, 1, 0, 0, 1, 0, 1, 0, 1, 1, 0, 1, 0, 0, 1, 1, 0, 1, 0, 0, 1, 1, 0, 1, 1, 1, 0, 0, 1, 0, 0, 1, 1, 0, 1, 1, 1, 0, 1, 0, 0, 1, 1, 0, 1, 1, 0, 1, 1, 1, 0, 0, 1, 1, 0, 0, 1, 1, 0, 1, 0, 0, 0, 0, 1, 0, 0, 1, 0, 0, 0, 1, 1, 0, 1, 0, 1, 0, 0, 1, 0, 1, 1, 0, 0, 1, 0, 0, 1, 0, 1, 0, 1, 1, 0, 0, 1, 1, 1, 1, 0, 1, 0, 0, 0, 1, 0, 1, 1, 1, 0, 1, 0, 1, 1, 0, 0, 1, 0, 0, 0, 1, 0, 0, 0, 0, 0, 1, 0, 0, 1, 0, 1, 1, 0, 0, 1, 1, 0, 1, 1, 1, 0, 1, 1, 1, 0, 1, 0, 1, 1, 0, 1, 0, 1, 0, 0, 1, 1, 0, 1, 0, 0, 1, 0, 1, 1, 1, 1, 0, 1, 1, 1, 0, 1, 1, 0, 0, 1, 0, 1, 1, 0, 0, 1, 0, 1, 1, 1, 0, 1, 0, 0, 0, 1, 1, 1, 0, 0, 1, 1, 0, 1, 0, 0, 1, 0, 0, 0, 0, 1, 0, 1, 1, 1, 0, 0, 1, 0, 0, 1, 0, 1, 0, 1, 1, 0, 1, 0, 0, 0, 1, 0, 1, 1, 0, 1, 0, 0, 1, 1, 0, 0, 1, 1, 0, 0, 1, 0, 0, 0, 1, 1, 0, 1, 1, 0, 1, 0, 0, 1, 1, 0, 1, 0, 0, 0, 0, 1, 0, 0, 0, 0, 1, 0, 1, 1, 0, 1, 1, 1, 0, 0, 1, 0, 1, 1, 1, 1, 0, 1, 0, 0, 1, 0, 1, 0, 0, 1, 0, 1, 1, 0, 0, 1, 0, 1, 0, 1, 1, 0, 1, 1, 1, 1, 1, 0, 1, 1, 0, 1, 1, 0, 1, 1, 0, 0, 1, 0, 1, 1, 0, 1, 1, 1, 0, 0, 1, 0, 0, 0, 1, 1, 1, 0, 0, 1, 0, 1, 0, 0, 0, 1, 0, 0, 0, 1, 1, 0, 1, 1, 1, 0, 1, 0, 1, 1, 0, 1, 0, 1, 0, 0, 1, 0, 0, 0, 1, 0, 1, 0, 0, 1, 0, 0, 0, 1, 1, 0, 0, 1, 0, 0, 0, 1, 0, 1, 1, 1, 0, 1, 0, 0, 1, 0, 0, 1, 0, 0, 1, 1, 0, 0, 0, 0, 1, 0, 0, 0, 1, 0, 1, 0, 0, 0, 1, 1, 0, 1, 1, 0, 0, 1, 1, 0, 0, 1, 0, 1, 1, 0, 1, 0, 1, 1, 0, 1, 1, 0, 1, 1, 0, 1, 0, 1, 1, 1, 0, 1, 1, 1, 1, 0, 1, 0, 0, 0, 1, 0, 0, 1, 1, 0, 1, 0, 1, 1, 1, 0, 1, 0, 0, 0, 0, 1, 0, 0, 0, 1, 1, 0, 1, 1, 0, 1, 0, 0, 0, 0, 1, 0, 1, 1, 1, 1, 0, 1, 1, 0, 1, 0, 1, 0, 0, 1, 0, 1, 0, 0, 0, 1, 0, 1, 1, 0, 1, 0, 1, 1, 1, 0, 0, 0, 1, 1, 0, 1]

FSM output length: 651
